1.308003160882147409e+00
9.147333563192495964e-02
-5.449414678572882531e-01
5.055117861758593456e-01
1.744948286954165706e+00
5.831436401384014756e-01
-8.766746372377419716e-01
9.574972031074471257e-01
4.507997427468323770e-01
2.198213940355295826e-01
-1.070429595010009560e+00
5.415198689319192793e-01
-2.063097923322670946e-01
5.802021678824382800e-01
-4.122644866889607407e+00
1.292812993155120216e+00
3.525914427099617610e-02
-4.045267338806615709e-02
8.984552249013878777e-03
-1.528001266270442512e-02
6.728596653282537324e-03
6.424770182993625248e-03
3.192014857672016270e-03
1.741773519224010204e-03
1.771654883458353424e-01
3.831225181951944392e-01
1.263348214978501872e-03
